! ERA-Interim and ERA-40 levels from levels/ecmwf-L60.txt
&vert_coordinate_nml
    pk(1)=0.000000,       bk(1)=0.000000,
    pk(2)=20.000000,      bk(2)=0.000000,
    pk(3)=38.425343,      bk(3)=0.000000,
    pk(4)=63.647804,      bk(4)=0.000000,
    pk(5)=95.636963,      bk(5)=0.000000,
    pk(6)=134.483307,     bk(6)=0.000000,
    pk(7)=180.584351,     bk(7)=0.000000,
    pk(8)=234.779053,     bk(8)=0.000000,
    pk(9)=298.495789,     bk(9)=0.000000,
    pk(10)=373.971924,    bk(10)=0.000000,
    pk(11)=464.618134,    bk(11)=0.000000,
    pk(12)=575.651001,    bk(12)=0.000000,
    pk(13)=713.218079,    bk(13)=0.000000,
    pk(14)=883.660522,    bk(14)=0.000000,
    pk(15)=1094.834717,   bk(15)=0.000000,
    pk(16)=1356.474609,   bk(16)=0.000000,
    pk(17)=1680.640259,   bk(17)=0.000000,
    pk(18)=2082.273926,   bk(18)=0.000000,
    pk(19)=2579.888672,   bk(19)=0.000000,
    pk(20)=3196.421631,   bk(20)=0.000000,
    pk(21)=3960.291504,   bk(21)=0.000000,
    pk(22)=4906.708496,   bk(22)=0.000000,
    pk(23)=6018.019531,   bk(23)=0.000000,
    pk(24)=7306.631348,   bk(24)=0.000000,
    pk(25)=8765.053711,   bk(25)=0.000076,
    pk(26)=10376.126953,  bk(26)=0.000461,
    pk(27)=12077.446289,  bk(27)=0.001815,
    pk(28)=13775.325195,  bk(28)=0.005081,
    pk(29)=15379.805664,  bk(29)=0.011143,
    pk(30)=16819.474609,  bk(30)=0.020678,
    pk(31)=18045.183594,  bk(31)=0.034121,
    pk(32)=19027.695313,  bk(32)=0.051690,
    pk(33)=19755.109375,  bk(33)=0.073534,
    pk(34)=20222.205078,  bk(34)=0.099675,
    pk(35)=20429.863281,  bk(35)=0.130023,
    pk(36)=20384.480469,  bk(36)=0.164384,
    pk(37)=20097.402344,  bk(37)=0.202476,
    pk(38)=19584.330078,  bk(38)=0.243933,
    pk(39)=18864.750000,  bk(39)=0.288323,
    pk(40)=17961.357422,  bk(40)=0.335155,
    pk(41)=16899.468750,  bk(41)=0.383892,
    pk(42)=15706.447266,  bk(42)=0.433963,
    pk(43)=14411.124023,  bk(43)=0.484772,
    pk(44)=13043.218750,  bk(44)=0.535710,
    pk(45)=11632.758789,  bk(45)=0.586168,
    pk(46)=10209.500977,  bk(46)=0.635547,
    pk(47)=8802.356445,   bk(47)=0.683269,
    pk(48)=7438.803223,   bk(48)=0.728786,
    pk(49)=6144.314941,   bk(49)=0.771597,
    pk(50)=4941.778320,   bk(50)=0.811253,
    pk(51)=3850.913330,   bk(51)=0.847375,
    pk(52)=2887.696533,   bk(52)=0.879657,
    pk(53)=2063.779785,   bk(53)=0.907884,
    pk(54)=1385.912598,   bk(54)=0.931940,
    pk(55)=855.361755,    bk(55)=0.951822,
    pk(56)=467.333588,    bk(56)=0.967645,
    pk(57)=210.393890,    bk(57)=0.979663,
    pk(58)=65.889244,     bk(58)=0.988270,
    pk(59)=7.367743,      bk(59)=0.994019,
    pk(60)=0.000000,      bk(60)=0.997630,
    pk(61)=0.000000,      bk(61)=1.000000
/
